price
67.23246103145817
58.24035796549101
51.246775729872724
49.61391589494036
56.38103831797968
59.56463186912353
62.72418275604023
61.84234685052097
63.03132490154377
65.54408932739057
62.52441175391074
68.2270757910809
63.347029950310244
72.65062416459703
72.60152353158527
73.96727795874882
77.0352697678629
78.67095327591507
80.93925417792053
79.57044220883724
79.27008218492345
71.6903371168928
71.16717281496086
67.69310085940644
59.298904001598935
56.393289903267735
48.781065199799976
50.53212513800035
54.62299801712104
60.030837676737704
72.7913107667399
79.65860198608466
76.56235705900986
78.61046162406883
75.62367531460288
74.99231283759174
72.36456632016333
75.09693327276003
77.4135517633179
78.76841305428331
79.16488659338259
83.54978804273777
81.74529684976922
79.9794546810871
74.85486970609138
74.19894095086696
70.93622696193385
66.76729504967014
61.45406099607267
56.141281010665864
51.732745174869294
50.59686485405287
49.741401969575826
59.82047262203374
70.55604598411529
74.46913313170127
80.04214521531196
80.35698327852324
78.02090142840484
73.13427510541881
69.80894715078186
71.22113856191318
68.78202439838063
74.96916702878156
74.92982914874865
74.83205480799705
76.3885747176046
74.07597625537389
71.42102158508767
65.37755218782056
64.8951668529595
61.10044487080859
57.396059402065056
50.977672603071994
46.83420506055951
45.47271072324903
50.180035802535336
60.073979332474856
66.60217519201585
67.35272111858887
69.31938101273703
72.8671486015624
76.79060275121627
77.80735925582778
75.678556760688
79.54602686932743
80.41007525716492
82.6737293600303
80.45728500229164
83.98224227770649
82.18393450321355
82.17966442542198
81.23114785006386
74.92535817796818
70.60210119368071
66.01981771018066
62.54345506226982
60.657783356003954
49.0096392395974
48.59719942428627
52.530409100736186
53.558534991456966
65.92733841631104
66.4160915550105
73.03075776387898
68.63976335292534
70.41599106568083
71.1200990786236
70.01847480622949
73.08471897955327
71.14363912746573
71.00184773425372
78.74261590539074
79.91114597140941
81.51283629175421
73.30249545978118
74.68696081436725
78.32273592152774
71.4289010065446
69.49391230256556
68.31292989484268
65.03932426494507
62.23784914809328
58.78056213378681
62.33700542753047
59.73287839176821
63.620368987599
64.2874039194922
69.72044104980627
72.91581681385698
72.512263892958
75.2537321166674
76.2770274077038
75.42996674926084
82.12977633817867
82.84074767371875
75.0004909637519
83.4428508040959
82.87051835597667
84.82389173505968
84.36175012743414
80.60295191571464
73.4476333999361
67.01454019612953
62.60008104710905
59.785123432085484
60.09748475477267
55.997993589596696
55.36554879486633
57.54126149966142
60.137235429412605
57.313175037108174
64.26169227708019
68.54842890032073
67.03230595022335
64.33431861481347
66.82555110115928
66.97567038456371
67.05240385816414
70.08710614041547
79.76813566533906
83.74878566056594
82.4639079557088
83.09671584703693
84.12690446683271
76.68499752432072
75.113198280938
76.85693466566609
