price
62.31957659997925
54.65457772274481
49.172312140555455
47.86300532782796
46.483768038492016
55.278638737674314
63.436527408016
72.18727944217278
72.09246212392515
70.75898762005606
73.57422670786693
73.13892923031962
71.6558495780786
70.24341585369979
72.22897942303311
76.23502824478544
80.25397044564176
83.3976518148009
83.52903372288021
83.03860059345233
82.84513346987194
77.16015042266116
75.05679124118113
73.5674632731324
64.06114333429466
59.19827207595212
54.60515594457313
55.22811976577376
54.59692839584272
63.6504747300653
74.01950523149934
78.47915099571779
81.20083512744999
81.61783564424506
80.96219391287802
80.72561854432766
78.7865354555579
76.9821923317044
78.71496521048356
80.41591649352443
84.02613411357595
86.60287944543714
86.37802789877108
84.33049561295275
82.01967917697851
79.42683987736343
73.10101492895059
68.57148602341907
61.05098383058163
54.25900812028952
58.42327358141355
53.68463694450952
57.87095790366597
68.00581156269524
75.83958804048989
82.14991702851411
80.45983232211225
82.90533343259392
82.9971443220914
82.05584631995148
80.32251179625145
82.4849578357284
80.41818891534217
79.73719783066915
81.71158307894913
85.57416601860947
83.8297707514354
81.70481123732
78.5283920842625
73.02623595411036
66.65425728575737
61.23229693633536
57.550918935265564
54.26657421386511
53.370735483194416
52.526522363049956
58.553794973033995
65.16701058338573
72.63387212419377
76.82642432695262
78.22813449246374
79.76516409712507
80.44670238452895
80.00633349656127
77.65965115062261
80.41069200543006
79.925842333997
80.3667872287744
82.83294263135313
86.08490795621088
86.28515301934304
83.47037962928965
80.96828480442552
77.68049160766998
72.18211307161458
67.71192996029971
64.66312234225815
54.38131273206352
51.83192211295649
53.20227983586191
51.765403725080894
58.451258205539695
72.87398578411266
71.77679681577072
76.15582417496573
76.89079878372804
75.97484643508454
73.46207830027755
72.57700951140266
71.18688722750629
71.24269004642426
69.97010193283472
77.15077916450103
79.27608875327498
81.77646034279567
80.11392544030655
76.86824639951458
72.59272290431069
68.27056157797927
64.63033148546506
60.59331765927023
51.179682188552256
48.53568438550851
48.37777172547173
51.05495485146214
52.7557494589305
59.04961819217107
56.529577937193864
63.926747328214454
67.50335862502295
67.56384885836235
69.51659226258033
67.15516244370298
65.83299639249272
66.03098458111317
68.57823842776193
70.74597162099985
78.05911803919679
79.08092761362985
78.53670107781599
78.24112668358204
70.27732367129573
64.89587109182483
61.292804770174044
56.62575800075563
52.183025300088794
49.21327200819703
48.99575681906865
49.372437935670426
51.30617210478325
53.456938281786066
54.36332477399001
55.851802961457416
61.544265048162266
61.90273569477934
62.91835595849301
64.34348435239484
65.17891802498546
63.72067893892606
65.67062334233748
70.3496345812337
75.12009544424524
74.76837519277606
74.90169287073009
73.03707016465968
71.81708567654243
66.75892380754456
63.48376047569769
