price
62.14212980236071
55.7144562918432
50.518570396707496
48.497837227147606
46.50157166932627
51.82651505368239
63.408286461856896
69.05033398656538
73.32474336982962
69.27442570789525
69.87342834239763
70.44437639874864
69.80125273122847
69.3659090075921
69.85481798859364
75.31696265399711
78.33653521006934
81.63939099509896
81.88363500261376
81.24677138603347
81.33781910280261
75.66509932356482
73.69135451529498
72.6099830963588
62.37612538760611
57.268295187518916
53.34758244256345
53.02140576591584
53.02112074820363
62.25551006057023
73.04532651651665
77.21607903932927
77.31191701091525
80.9053255961767
77.65676236970192
78.09871793503957
77.96375518158129
76.4129400200846
77.47593215965875
79.55763220353838
82.13097332724143
82.27317240943822
84.91917790552651
82.40233428855
81.89431900295288
78.88469238888182
71.73409715745208
67.10760284390972
60.341150120719874
54.177211044523816
58.40869431369331
53.26777271713122
57.58462005430853
65.20889590928034
74.21395810414825
77.51507040331342
80.16504096765226
81.54755997193107
82.24518938312234
81.29685325616265
80.67537490442481
83.17766505636595
79.25072944418602
80.3642670213348
81.25713589386484
85.51483012362311
82.99635315323718
80.98756674743585
77.21966138090703
73.09883542595263
68.38265326098102
60.028922255302824
59.673294560233465
55.158620701224706
53.989739326290554
53.3913339136973
57.73395456009425
64.13980907392461
72.33893941170028
74.828667585677
77.7856751042021
78.56809103542484
79.4975705881077
77.6400977103039
77.3547980429659
80.72153102870439
79.92803928815673
77.77459702515034
81.5536196771015
85.4307078550552
84.19771351591787
82.34019462472546
80.85877029229265
76.9460861967692
71.97765340482954
67.6318457633264
64.61580613557896
52.646480246155306
48.74177800870172
52.37359745886219
48.78746004216096
57.60583320922414
67.94573923510808
65.70275277652165
75.8586418573711
73.7508417051148
73.96663697471381
73.63320379627937
70.0751265218268
69.56021559380534
68.96035695383787
70.56478377307278
76.32325145957985
79.90827285305174
81.76200212849456
79.30388492140743
77.94131229022717
73.49915541460382
68.43320275797646
64.12832867598785
59.058819132491315
50.73902856753768
49.43783539855518
48.18967145829401
50.175612437845686
53.37561806432261
57.644161294069384
55.59107284715671
63.441691728362485
66.11501559956542
66.30255509587218
67.11007750968557
65.97420598828295
64.80533683887583
65.23233639844271
67.0168793837806
69.29487602310981
78.11685836058811
76.9456437177057
78.20273051563488
77.44892212893699
71.30125213606192
63.938927506969144
58.63428209950783
54.990074865974556
47.9939701425965
46.834696570918815
44.67837020593386
46.159660152657636
47.47555940405833
51.42330081055794
51.709981076873206
52.01054629751576
55.84291904160233
57.83310707414939
57.9042378201036
59.419311612495456
59.89585572816095
58.297276710383905
60.83488513362975
67.11175483752785
74.06528677133907
73.74574689344557
73.95633219980549
75.72199779403128
70.13615261290398
67.18475775366507
59.959321563179735
