price
65.54054550314257
60.95704065622107
56.592880312835774
53.873348604357304
57.466768526375546
57.36957262754793
58.618879851429085
63.162637214597694
66.93413312194755
67.10223039253646
66.00443426818426
66.94529623053724
67.57034619045294
65.17559767359896
60.3382758538572
64.39550611218728
71.96648799201786
75.01243496612506
76.90186811529325
74.77211822276558
72.12964808226171
67.07154720808191
62.95916818092815
63.249300204832856
57.31910831848119
58.17212556295838
55.86524289191615
52.996354624790214
60.09641290721209
63.78679373812373
67.61571740424506
68.50973225606457
69.22529170692677
67.50307289941725
68.25200131774184
65.02655603461672
66.69992058909011
61.345142643512204
64.48437443766724
64.76829847353517
69.13360175332362
72.45527549587634
72.07036657188208
70.11743513504693
69.30326082177137
64.8684029533397
58.77382949129666
58.19056468057081
54.40822304012785
47.90378897083457
40.8696797823158
45.3737484677365
56.25905211024631
58.89651277554268
66.35377143589409
68.39416532113202
68.623642830017
69.71879209161817
69.74426707803673
65.6627560956288
65.72855283232936
61.69905761584852
64.32804217635005
67.98407192626976
70.88441907315702
74.78917138179939
72.89574566214687
72.24170836524166
68.6246997877951
60.090174812993745
55.83055925595792
53.744706072975696
49.98068983251803
51.36852804045928
48.48920388171761
47.74311016703116
58.68079152936419
61.28979445925093
65.26664015041808
65.5639618166756
68.4147485675307
67.89346778254037
67.93307746005762
62.60874490677118
66.13688569771632
65.87708572018754
67.7126276211617
70.7174459389234
74.29072175376065
77.6192762174089
78.14163329391923
76.00344742752891
72.34236127607987
66.82106454208488
60.50912140050642
58.66599005817009
53.1694138584424
47.99427400414069
49.347949696549925
52.74506940623464
59.9773829005982
61.30605337572472
65.28960940591047
71.03461595293018
72.2513305584045
70.15672576412695
67.04973142322645
67.07358530555787
66.8014062642744
71.06826267128926
71.41515147120481
74.84628313594027
73.9803056405989
78.2076114083841
75.66983731271722
77.53847136570118
72.0356822326654
64.41311894372814
59.601324108464574
57.17428519968917
50.163897031318385
47.544689889390966
47.1780744593457
51.48386875741284
55.31212420444719
54.55734081756703
61.364049804830586
61.73121698433038
62.27120609353973
62.429625530049236
63.96478267460618
60.95404138574769
61.957307743121326
62.17460123814909
60.993774369286264
62.218726844892856
65.57720515367126
68.83228682339852
71.97735182921822
70.95473153402409
67.8402326621289
62.86118470974304
58.44502181346208
55.859733833152305
52.55757413341843
48.76909666634976
47.253070151925115
45.13632249100262
51.60078118672475
51.85551786806727
49.981720296150826
52.98804993301456
53.150515408444214
53.95378741473631
49.96718827900536
46.19730638369705
50.047304850398405
47.11334431540769
52.407528274553385
54.424574433058964
56.909354099230896
59.84134986502498
61.78092817570983
56.90281364114899
56.41011885111066
58.434950665408294
50.2099937406339
52.74377019074194
