price
63.48796222841951
59.20127417897793
54.80968533276961
53.037704038714246
52.30144704004756
52.6713339873691
58.939429558913076
60.21135841188649
64.49480289642356
68.3997211888717
69.48974146018617
69.100085805169
69.91198637396778
69.40766805508294
68.60490513145083
69.08238626841302
73.46868696067054
78.99861761662771
81.85709983118521
82.56462927218263
77.2968249401886
69.9415890280606
65.71814697750482
67.47778406283626
61.02551208167251
55.03741458113597
53.17513169724908
52.87297911518295
52.95938776785186
58.333081918806336
62.21762142413998
66.90548640142448
69.12749999062163
71.9919746675506
70.87801785990628
71.32285851808676
73.81839602664039
73.47445090843603
71.99185407909526
72.39446181348004
75.21857495430953
79.68918526612373
81.06438871760572
79.82773291004652
78.7672725377888
72.25251084440218
69.43472514115855
68.90724149755714
63.67306646211297
56.48001328803314
55.0943388837147
53.02789085993348
56.23275383904385
60.809072339342755
65.58838531822849
69.4198197978205
74.1994022624975
75.59904766860254
72.76886239613705
74.02427193332603
74.91939834790163
73.57537166371611
71.4050752597235
72.09972412315041
76.5246572357854
79.28099298514243
80.69551740389791
80.46365733388765
78.1905400098177
71.7054916113199
67.16919570640766
65.46340822668692
61.95107822878219
57.00707103227304
52.924101361155344
51.79023062189443
55.08209908664944
58.39033771549382
63.58080731826625
65.54741675885099
71.00223548630132
73.47395237846668
72.98298389233976
71.69829032861222
73.22214393322716
72.20287062689407
70.13885024727819
71.30199630166501
75.85169395726714
79.55000010145362
80.78726243441066
79.41552537841035
78.5694790109174
72.02753092984436
67.17419487413768
67.43008239553954
60.58276396557579
55.37279813987613
51.21807292252179
51.46246531427486
54.005115323361565
58.25862812664886
60.76079493532536
61.598200491913595
70.55547359082762
72.6971816656901
72.52617377467483
72.3535848995325
70.86954634313216
72.49667452623073
70.35376695205346
68.8831154622982
74.37801295762135
77.13163776067314
76.60565929052277
77.47601013059497
76.18658018706805
70.20959261214146
66.69241497658427
63.13252047576588
58.76719242900304
56.44556321986873
53.0774656381918
51.169081654520866
51.49387086158249
53.584214852384655
57.733080263767704
58.78394319814403
62.91961450294841
63.64486117001293
63.284890773315865
64.93594402392287
65.12006746112343
65.80429838712888
64.13521913288842
63.881842414568105
66.92294049839892
73.46805350134908
75.31702049017342
76.13258485864834
75.97139811086359
68.12973092790513
62.30142603283346
59.47778221304756
54.22584312443698
51.268446469992625
47.372786296180955
45.37785370498546
46.3882633452546
48.595720567986234
50.49392263993842
51.04931048719362
54.25336871191272
54.7388242353729
56.7966096420322
56.8453559891965
57.901107920655484
59.02662408219275
55.97649637070705
56.868074293255575
61.76783081021963
70.73079654526036
71.66900827340129
73.92887152910463
74.60511296042596
67.04395519097066
60.49109148176123
62.15978439074913
