price
67.44749416006073
60.317975630752514
50.8151906706472
50.21612518939986
47.977916064031234
58.395438048098086
62.805097944013454
64.01713407328252
64.48894037022953
63.60908509928707
61.74519525966785
63.17352556010634
65.0192646928109
63.74895722642391
71.56986424314228
73.13082275088607
76.15137717901037
78.53725013896283
80.10863425758666
81.5172123121339
77.23176570211977
72.42273303643654
73.97303937548944
72.02079367732338
65.88810445450612
56.33551136482586
49.091771929156025
50.22719468880826
53.68058029965827
62.065644954164426
72.49637554719251
79.71926989558237
76.26472190346371
79.54140390646373
77.54231501875682
76.82175207953614
73.94352303136883
74.35916082356084
79.37951397028006
81.50306923303737
77.8425831094291
83.44892797327371
81.4602844863567
78.07472190073192
79.31695604404598
74.39175787505313
72.45582383450864
63.54180907409445
61.42244372829188
56.62274615077539
55.92085212935152
50.29473777931111
54.62858686154412
62.97189398948051
70.87014257923099
77.4489434463649
76.65003803856197
77.29257459298589
79.3878577306698
77.43609828264012
76.37617024216588
77.01496397566585
72.52662645151904
80.14314375029899
75.42760131014026
78.50601309071715
77.63900874808328
73.69833420981873
68.5325240085546
65.68885454525194
64.48126246383102
60.638705777617865
57.04030176303107
50.02680483847078
47.007136328322396
44.594349993524446
50.41629512933417
56.74951446742149
67.65990903025858
70.7000460681289
67.78328679771897
70.99443795374448
72.2557817199682
77.9049449963101
78.17230250022313
78.13849201291386
79.16890663861741
82.67090900969716
80.04812197672518
83.00468607232479
84.4496476214793
84.60333984570445
74.98456822596103
74.5113152884239
75.03161955108071
69.94766016483749
62.076823204688914
53.075643041664385
46.916314591894796
50.2917690650608
51.39054287079359
60.155480364730124
66.53089805994263
69.7930348231759
67.99342876091947
74.24382229168793
71.2380484399681
76.25114145319878
72.42828071963214
74.55051364429666
73.1571578275518
72.09301618746865
81.20093757501283
84.30069398056595
83.15800837261328
76.79563217790955
76.53048876317247
72.66714333321065
72.00694928012632
69.0940900368237
61.55005578289196
56.60165369267348
53.49922816237177
54.582451486153175
53.02976134290929
59.24324275749137
60.235095913411
62.79298661506887
67.3389032809908
71.88313554522055
72.0477001528292
70.63393962532169
70.62639718464347
75.03253934438902
76.01698486524343
74.37213060980508
81.29842808428506
85.04802385196382
81.22574359499552
79.9148815583384
80.4112007549558
78.3078979378854
70.0575495345508
64.55580373166721
56.54798910243513
58.2267025823862
53.767515224275385
56.19330268189577
50.294609167087835
51.77573864522404
55.40145365860086
55.13598378642977
56.85950038780039
60.95380278133434
62.64797421866608
64.59412603988592
64.71629344908396
62.29676291304481
66.14704250981204
67.09903771117187
70.77233184295366
78.87131302415244
82.07451163597698
81.09715263561606
78.42975692876665
74.31589169546676
76.01631757186199
72.86308617516127
