price
44.05567055589669
39.89929534298647
38.105461337421765
38.603054054876935
40.835154631634836
46.656831743671916
54.00875319392675
58.91016597764374
63.14593477787468
66.15836690235885
65.70490303326073
63.57689708137925
61.96776231022017
60.960700476979476
61.43063138339072
62.32044412906971
65.63081358966119
67.7028424364517
68.59945799277806
67.38845658574235
63.03596297015713
59.21276302406178
55.82764240139124
50.462527603304395
44.67806758315475
42.00431615609161
41.380713371506594
42.768127248201964
45.72022747847544
50.61247085694839
59.51391952564836
66.10140852621979
70.45303779480486
72.10238654550903
71.39620391484866
68.92666889630163
66.56794966981059
64.05814009199138
65.45619835962523
68.3373137142031
71.68183302171848
75.41925527062243
76.6915692520403
75.24583919908625
70.310829447468
67.00776405354914
63.16381376509045
56.13962203405771
49.46768150142583
46.52721015346182
46.337927297613305
49.528574379380295
54.599421563811134
61.58310515764552
69.29718623157149
76.90123596579654
79.93986648308795
80.68244402127057
79.36557742816403
77.31347811135551
74.84802483393538
74.1290199129304
74.80671732588513
77.79037216006734
80.8018636997987
83.19730678410326
82.53637014528529
79.78705617730066
75.31826974627538
71.77443939779204
67.34226346671502
59.56577854262356
54.46088147901399
52.47108826551811
51.38930749011857
52.611641138961474
56.602584083128264
61.960748374050716
69.1957733159683
75.52252716063644
79.38554826405591
78.95137010963184
78.57403411239272
74.81720295384824
71.36165574163111
69.94405340197386
70.7075643016102
73.07967011807479
76.6627740800767
80.58795208208878
82.10820913046149
81.63349171774044
77.17062369955474
71.20822267595406
64.70819468867938
58.36113763282438
53.703559739729805
52.131383392728
51.3487887059727
54.20188481833779
57.52516806899782
61.6175804960883
66.36852875699796
72.9194013800392
76.61137717380258
79.33013115236055
78.37419563372254
75.08671462771285
72.31194741409692
72.61417818344749
73.91659153648257
75.36459235224856
79.4627982907959
83.53985025475097
84.938909828943
83.94430557402103
80.5286408802767
75.9124379080817
69.757761763225
60.97934271180891
53.59476288779409
49.682727757858444
49.486768717738904
53.74283467954322
58.66810284654175
64.15183711719419
70.51215589021459
73.70887564304681
76.59879205183302
76.86335090262354
74.11597858880747
70.71288980419035
69.75607602360026
71.41047012010382
73.63611310644659
76.82412235568086
81.65022435505615
85.46095284112104
87.78526625615328
85.69314338113836
81.23330602423069
76.90571137160981
70.40264121754241
59.90739831175511
50.116332819989296
44.531386888061
43.604597399055365
45.20927449636021
50.05934511127296
56.198173805653546
64.04287688772953
70.69964363733493
72.42974720449732
71.6975937116696
68.704341857856
65.51737018045606
63.302326685011394
63.5998909361349
65.7912537839476
70.06556306294824
76.03700007495564
79.71866302436449
79.33092535040555
77.88378446914675
73.03369323056211
67.2959397053634
60.012952545525955
50.30058647382531
