price
51.50436303552886
49.58911812923016
49.52249034404984
51.196278729930405
53.85263803070863
56.984064093324776
61.076207921804965
65.03978254951014
67.90927129068078
68.87486091726397
67.5706581904754
64.9296569859221
61.74548820670361
59.724284483114445
59.45247872653873
60.321817343518546
62.278177209775606
64.17986418182933
65.6556825966738
66.67936740309072
66.08206511303077
64.11695348555865
61.006682328105136
55.03234227751561
50.62941090383539
48.90074227466873
48.863645050106015
50.61609837418979
53.20311817549981
56.39477461144409
60.56658500913786
64.4215829156179
67.19005938054929
67.92010509874771
66.4884735880812
63.62977889558056
60.2755784798914
58.00399545335123
57.457367545778155
58.250945786013375
60.3334300393568
62.38065763081957
64.11967774941915
65.38275544032403
64.83996092066411
62.77988392413202
59.54367186400698
53.618692476185046
49.246563671984966
47.446022716825794
47.31303359428643
48.88473899584224
51.47368930891535
54.5595473524008
58.64374785910738
62.55701156177329
65.39000757137187
66.36914697436566
65.15475685527898
62.56092102960441
59.68449513569794
57.91892757414261
57.80469899471818
58.83985570965814
61.200502608042754
63.56375472173181
65.64210179687514
67.17921848857583
66.92642736738458
65.15662857918075
62.0250349138267
56.3031881906429
52.140388334633826
50.54440531493509
50.65007617219345
52.166415309600055
54.369136409353004
57.23188837606453
60.90153142174628
64.55470078105154
67.2907387666488
68.12612483359013
66.90577225699123
64.41816549819993
61.50852116946554
59.579088894312456
59.204116182353275
60.031520254201496
62.17164408933755
64.18681126309824
66.10083294443467
67.5247098010759
67.1789200894001
65.36355839474737
62.14628514973659
56.41892520248978
52.20622337196054
50.585031615537176
50.46444712984132
51.82179918915359
53.917262021879964
56.73400939512656
60.53107603911757
64.18827126928028
66.84299127197768
67.80982961671556
66.6355251470442
64.20671108869689
61.32843328571245
59.421230641991656
58.98454887750485
59.79906637217165
61.68772251736897
63.570640969369045
65.35324205388696
66.48918474027158
65.80536724803042
63.87262769433986
60.46791215502008
54.04344001434283
49.34436835132539
47.33541740720893
47.11951533197191
48.46286952455361
50.637983374269524
53.60076385887861
57.33974527637997
60.838485727217396
63.67012644335537
64.8007350772409
63.75138260988288
61.661718894913804
59.28762675590325
57.66234624696037
57.441404191913364
58.16928872119529
59.951919690029115
62.06219693960771
63.92950576714699
65.14788390400099
64.80142582629878
62.930055365571434
59.638609593120584
52.96024860880859
47.96123081751914
46.00412128620704
45.87309484501637
47.37327061804063
49.68004891838437
52.77878595934361
56.868320412935105
60.7238971959528
63.36830402267875
64.148202085078
63.01719076707616
60.97697344690708
58.503159884901464
56.95874068467437
56.942480477802064
57.875362806372436
59.7945456228395
61.76671446232149
63.4005097677431
64.55756300033141
63.86826727176533
61.75636922853107
58.3406026501192
52.05902477957566
