price
50.98232314262099
48.4205593832045
47.40880897244385
47.789513740220684
49.30350616044534
52.09805277956579
56.34622667327099
60.76664413405697
64.46280400288927
66.20144281947029
65.42298660632613
63.48833073724239
61.19280890073719
59.97688628462177
60.392668956411285
61.41399180040057
62.998799614119086
64.72103028179214
66.48803290593911
68.0493819097151
68.32922426136507
67.24454824409816
64.51401460071983
58.507711135696226
53.72010552688082
51.31269036567471
50.39129422724838
50.869265109703576
52.377180667019545
55.104391376131495
59.309988054036026
63.72170783509647
67.53390152367305
69.35248966163981
68.74563419514173
66.86792479149847
64.66906102540847
63.44082470517031
63.768975354482244
64.75264545449906
66.34974277328308
68.05492105251122
69.85018583764563
71.47897484559655
71.75563390827665
70.6354905734103
67.86527404017937
61.97669308967543
57.2851515696034
54.87792283713504
53.969515663760575
54.39114027835861
55.898863793658506
58.45078244564201
62.47671309166368
66.75951941959687
70.49138867477446
72.25857228182043
71.56579817914204
69.56855814968259
67.26399659549246
65.93859883953711
66.08967924778649
66.90941354793168
68.43153230657722
70.04801913170472
71.72299108063484
73.24702242553262
73.46944776831842
72.3485203061658
69.47924838104407
63.58301424518578
58.866402781828796
56.462567929097325
55.54916937936607
55.97353670887939
57.30923978286394
59.74100220389647
63.49208950664542
67.61306185680347
71.1068213934397
72.66932411842488
71.77808020618257
69.66661366230173
67.2499301418056
65.75465400775721
65.71335469900801
66.33043046418503
67.62796583896471
69.04170730964508
70.61421916770621
72.03085553178542
72.21769391963835
71.0717641960474
68.18595116354552
62.2983143446514
57.58522097446485
55.21957183437158
54.232119134727
54.547035425980816
55.7566801377814
58.05151808753763
61.64566266787138
65.58283552150648
68.95037720103963
70.4601771594903
69.48041201385792
67.3267549848564
64.80995817722277
63.221370962200076
62.96114048959525
63.38924209570003
64.5366515617226
65.97173383199406
67.60493003392938
69.13589282574665
69.3698371933001
68.31524116439716
65.36116420506093
59.044704574763216
54.05335972464307
51.53839681564325
50.55841049559874
50.887993278939774
52.132001417202574
54.44596620654883
58.11176970513701
61.97888001838511
65.33310200677283
66.90893073929735
66.05234408602074
64.0003265547094
61.61777586255877
60.11214695757092
59.8577606371568
60.25630072592064
61.468765365262506
63.005849771075454
64.75057808599875
66.34163984710243
66.79721105150448
65.86080713804938
62.955733229904546
56.280351651203304
50.80812143237752
48.06912559468478
47.00770030561063
47.35791724538268
48.73051699143771
51.31217015496446
55.34323304522708
59.50651312040644
62.837137444167354
64.27123398781077
63.33160633886233
61.30132168558125
58.98085052763756
57.732892627241064
57.906375009201774
58.71387620009
60.1152203171382
61.707417479567376
63.29744167685263
64.82349659152084
65.10200116040629
64.07289752496337
61.301880503576534
55.15920075331973
