price
70.25228731821502
67.4763492903869
63.554958380312755
59.31608996747554
55.911835872697694
55.046981298906644
57.22428558325434
61.22872561272217
65.57965538128649
69.64916468478421
73.15506438373407
76.5531800842082
79.80253348822853
81.88852472868986
82.1318686074825
80.21401537811388
77.02277889718877
74.08884232571812
71.35845163971314
68.9965023183859
67.48611416528883
66.65903208010181
67.08615961697396
68.28748026016794
68.01990081102576
65.85724670419805
63.00459201939692
59.85501935927474
57.631603485633185
57.5617441425679
60.16220114293187
64.3161406344489
68.61425552660798
72.6343578748051
76.35542038534331
80.01841559718605
83.60979160100884
85.92933597230899
86.10233832257987
84.22464710181971
80.68414375122043
77.27525072469712
74.17821273123911
71.5789946054769
69.72907590935671
68.73534633997437
69.04326816253801
70.20749814051915
70.14324494350973
68.47256220827803
65.80061523090878
62.90850623785502
60.96380667852912
61.11937956960458
63.57279170333533
67.6970004728485
71.9067363714411
76.02947666687534
79.81140464603979
83.4741256603896
87.09002810418247
89.63960893410965
89.82166448801647
87.79615084625951
84.09297014729268
80.27391426530552
76.81455678587396
74.05695671977213
72.17284989395299
71.28652591959226
71.77163711414825
72.83473321712592
72.54465686883633
70.73863745603992
67.79941474515029
64.65313508533393
62.644116979649624
62.45697983994783
64.73196913093545
68.51072403787929
72.56265556646377
76.37397986108903
79.78284265555672
82.98938752835296
86.11384082137809
88.15642002722396
88.11614474281652
85.47337420677097
81.5722293660999
77.7224177419946
74.30187257159761
71.34885139223226
69.44721615384026
68.55862500441854
68.99155530519872
69.97339423114967
69.63875178136465
67.81528989594489
64.95668033180482
61.88367429597659
59.58543682767099
59.25699933715641
60.95414608978328
64.37990728521719
68.1504046239304
71.94561414150388
75.25519256103574
78.45059876984321
81.37093599330254
83.36939476854879
83.13789730434294
80.59797473702024
76.96600032856351
73.45832659009436
70.14496143809721
67.30550746257931
65.26060701156602
64.19802399378474
64.17723170942395
64.70008803955507
63.951980194258326
62.006191979847145
59.48424044301481
56.51551612349171
54.53359965744722
54.41921598137759
56.37539226420423
59.368529111264564
62.810669296448495
66.12286314641484
69.29024176050572
72.50744814173855
75.61509446793411
77.61074115954362
77.54083378477016
75.22581143044721
71.24331339550749
67.20767779249606
63.53125461699987
60.41531426177658
58.39690974608749
57.483410652317
57.88171418719955
58.6667124343184
58.09255904786318
55.982477834041
53.183154763741186
50.08123387242042
48.115116157000266
48.26910344755792
50.54418164537818
54.22304803652744
57.99290961304646
61.63752615659418
64.86422308343099
68.1172657357055
71.36874911636718
73.81946929662156
74.26195798693254
72.3970341198793
69.06282506684622
65.64062943385008
62.36814778239234
59.62918314804047
57.873628496593334
57.20586173581425
57.97689253532442
59.438444930220584
