price
51.504363035527646
49.589118129228154
49.52249034405293
51.1962787299298
53.85263803071112
56.984064093325216
61.07620792180512
65.0397825495103
67.90927129068106
68.87486091726379
67.57065819047668
64.92965698592307
61.74548820670389
59.72428448311389
59.452478726538985
60.321817343517594
62.27817720977504
64.1798641818294
65.65568259667538
66.67936740308974
66.08206511303271
64.11695348556012
61.00668232810424
55.0323422775165
50.62941090383605
48.90074227466856
48.86364505010316
50.616098374190564
53.20311817549973
56.39477461144628
60.566585009136205
64.4215829156183
67.19005938055
67.92010509874817
66.4884735880807
63.62977889558107
60.27557847989151
58.003995453353
57.45736754577999
58.250945786013475
60.33343003935861
62.38065763081818
64.11967774942066
65.38275544032555
64.83996092066167
62.779883924132854
59.54367186400877
53.618692476185416
49.246563671985555
47.446022716823535
47.31303359428705
48.884738995844174
51.473689308915915
54.55954735240134
58.64374785910763
62.557011561772924
65.39000757137246
66.36914697436707
65.15475685527942
62.56092102960489
59.68449513569867
57.91892757414276
57.80469899471819
58.83985570965486
61.20050260804062
63.56375472173055
65.64210179687491
67.1792184885773
66.92642736738694
65.15662857917992
62.025034913825266
56.303188190643
52.14038833463353
50.54440531493569
50.65007617219421
52.16641530959647
54.36913640935361
57.231888376065356
60.90153142174576
64.55470078105111
67.29073876665085
68.12612483359045
66.90577225698983
64.41816549819984
61.5085211694641
59.57908889431092
59.204116182353765
60.031520254203
62.1716440893358
64.18681126309842
66.1008329444363
67.52470980107735
67.17892008939968
65.36355839474544
62.14628514973497
56.418925202489326
52.20622337196147
50.58503161553908
50.46444712984541
51.82179918915486
53.91726202188027
56.73400939512701
60.53107603911814
64.18827126928036
66.8429912719778
67.8098296167153
66.63552514704413
64.20671108869678
61.32843328571346
59.42123064199461
58.98454887750815
59.79906637217257
61.68772251737135
63.570640969369634
65.35324205388588
66.4891847402713
65.80536724803041
63.872627694337
60.46791215502028
54.04344001434247
49.344368351325336
47.33541740720763
47.11951533197204
48.462869524553994
50.63798337426989
53.60076385887793
57.3397452763805
60.83848572721576
63.670126443356246
64.80073507724039
63.7513826098828
61.661718894913875
59.287626755905336
57.66234624696277
57.441404191912554
58.16928872119511
59.951919690027154
62.062196939608285
63.929505767147475
65.14788390400106
64.80142582629807
62.930055365574184
59.63860959311898
52.96024860880922
47.96123081751848
46.00412128621012
45.873094845016745
47.373270618039115
49.680048918383804
52.778785959343324
56.86832041293612
60.723897195951864
63.3683040226787
64.14820208507649
63.01719076707701
60.97697344690793
58.50315988490184
56.95874068467432
56.942480477806626
57.87536280637377
59.79454562283903
61.766714462321204
63.40050976774262
64.55756300033103
63.86826727176552
61.756369228528634
58.340602650120616
52.059024779575886
