price
50.644421344698856
47.25556763926951
45.68181491127909
45.93195999792799
48.52250249388281
53.353762879118655
59.71978040390317
65.63377501670985
69.69994640578284
70.89611648125248
70.25178507593796
69.04771903895255
67.89333329827795
68.50053702996065
69.78656108404917
70.57328052005423
71.22194646964076
71.28357777649735
71.2473128033691
70.95793468032676
69.5233734080461
67.66690562452214
64.55121501360438
58.651227042433995
52.851492565225435
50.13436238399073
48.636929378934084
49.21342947266037
51.45154999660641
56.09087104008181
62.41014024881168
68.50721522852498
72.96459975302254
74.92854725531052
74.66522134888586
73.65691394365234
72.48944542173207
72.69151778390336
74.37665108422233
74.7575971781876
75.49194120696968
75.7457199816941
75.89498458889466
75.63925177098906
74.32715974014056
72.22550661028305
69.02104389544655
63.69866438018222
58.26621241379158
55.03019781844627
53.79352972291507
54.47543923012704
56.843350047548235
60.93182885476063
67.35861266745988
73.31439461264631
78.17896264939458
80.02518414816937
79.45649940945707
78.4791804949904
77.72706886272432
77.74856786117826
79.14476952827486
79.54918861679295
79.91363779220777
80.43072999723405
80.87056941171383
80.60843185701722
79.26474702061628
77.25312122386906
73.41959473268062
67.70643579139137
62.336372361725424
58.984598227200145
57.73978814737507
58.71449546484209
60.87514939062409
65.12053886614828
70.95448045021845
77.06532307218303
81.43431394490202
83.09002187986218
82.32964094038388
81.21664367498093
80.40096126256715
80.76338499314258
81.16844396752309
81.90031007334694
82.1611900574791
82.53170338135618
82.50349647240606
82.40201482367794
80.94096309140339
78.8984271044426
75.11759803848034
69.28597534271299
63.64839755424097
60.27854280857606
59.06679305374061
59.41589883839731
61.96757167533926
65.67064473536679
71.9045298818188
77.71144828023957
82.12879649568424
83.33527060907453
82.49899473146654
80.86451735289614
79.87318025045069
79.55426462813507
80.25938529186807
81.1214836343247
81.54160637547268
81.51358008208166
81.35555548639479
80.76161673246543
79.15936855887273
76.3854893266878
72.62266424378707
66.74911208899857
61.47916276621801
58.73400389440216
56.77540668643121
57.218202545331074
59.252003464042716
63.00786343132021
67.71772670249784
73.54624832123767
77.51120209205314
79.1990303823342
78.37240432522165
76.79190438950933
75.28075558970717
75.04959112785751
75.69020271417915
75.47081954648355
75.65040157217082
76.0147474023499
76.03281288145261
75.76693666518892
74.08194075298734
71.56606794344346
67.42656775376349
61.1268333940851
55.24567494155998
52.080763069695834
50.40138622006449
50.98792430165044
53.328902328891196
56.82023972739403
62.46845545322787
67.56311165670061
71.66143053104344
73.10827812772777
72.44268977565982
71.12529048638228
70.18084179701269
69.94785953854463
70.53101727365141
70.69170309534292
70.9754426315161
71.10831888628417
71.17768961156133
70.76700970008395
69.21613551680522
67.06243456813357
63.09409378560928
56.4729786253871
