price
54.3
52.265
51.04
50.585
50.545
51.095
51.045
51.545
53.44
56.155
57.075
56.72
56.905
57.68
54.364999999999995
55.004999999999995
59.845
67.75
70.905
73.12
74.13
70.38499999999999
63.894999999999996
59.445
53.96
50.629999999999995
48.68
46.980000000000004
46.91
49.33
53.230000000000004
61.86
62.224999999999994
65.84
61.825
59.754999999999995
60.54
60.555
58.03
57.92
63.295
68.03
67.6
68.24000000000001
67.28
63.535000000000004
55.864999999999995
51.825
48.515
46.365
43.43
42.035000000000004
42.005
47.035
52.254999999999995
55.16499999999999
58.16
61.42
60.515
59.18
58.910000000000004
58.015
56.335
54.695
59.67
64.525
64.08
62.68
62.485
59.504999999999995
55.324999999999996
51.834999999999994
48.864999999999995
42.3
40.515
39.875
43.614999999999995
46.575
53.980000000000004
61.614999999999995
62.925
65.62
62.655
60.7
59.125
56.69
55.894999999999996
57.144999999999996
63.025
68.39
69.515
70.78
69.32
63.53
59.540000000000006
52.93
48.72
47.92
46.510000000000005
47.879999999999995
47.685
51.78
59.01
65.28
68.265
70.13499999999999
66.585
65.705
64.515
63.41499999999999
62.485
62.645
66.73
73.5
74.005
74.25999999999999
72.39
66.21000000000001
63.64
59.400000000000006
51.78
48.725
47.32
46.295
47.025
51.894999999999996
61.125
65.685
65.855
67.795
65.925
64.61500000000001
63.21
58.574999999999996
57.45
58.55499999999999
64.905
71.57000000000001
71.79
72.38499999999999
69.24000000000001
66.19
64.6
58.655
53.355000000000004
49.825
47.5
46.64
47.785
50.89
57.26
62.114999999999995
64.17
68.59
66.75
65.365
64.15
63.655
62.475
63.4
67.565
76.72
77.14
76.58500000000001
74.79499999999999
69.79499999999999
65.065
62.849999999999994
