price
65.34355314933488
60.75298699195917
56.31852435300923
53.840293847913465
56.02344035595073
61.672644006959054
69.30445894672734
72.62689470016305
74.86310294489725
76.135236773838
74.68978005351491
73.50770032574952
72.42835405637831
71.10970561875816
69.17890271794752
69.61583773038404
75.20704198898906
82.24109219337397
82.98604114124345
81.29283770069809
78.73477484177778
73.27209354657892
68.13188620761645
64.19196330177836
58.16646167840152
54.30506748798273
50.80503629496072
49.344980278358285
51.93906175341441
57.86534827497667
66.0461730077912
70.14734538225959
72.34826852510456
74.08336631396924
73.04006770774095
71.99566546350121
70.79261967528552
69.4994308559736
68.16182477463734
68.73781223083516
74.05670416225593
81.07261813581975
81.67525974157478
79.71565614678654
76.89231562478278
71.9295317133151
67.13320353746238
62.14803313451715
56.227763047642185
52.60212952107551
49.34315813839913
48.050073779275756
50.69733248873006
56.604707655188285
64.73431988939589
68.87691880634979
71.15312393756305
72.96649532339858
72.03481085778849
71.09046302452215
69.97892810843265
68.76858383519632
67.5054774098561
68.13091915357072
73.45593490100423
80.46735141372471
81.11406164846281
79.21115609824425
76.44358460234707
71.54216908278156
66.79913170355039
61.86190110775231
55.98804637403612
52.393947094502565
49.16155115634502
47.88510359495209
50.53414337746132
56.43306885230944
64.54869987113004
68.69019505969543
70.97051101708082
72.78881194400397
71.86827326051392
70.93405352547643
69.83207680529738
68.63062688359277
67.37572397328685
68.00492882669246
73.32434727738499
80.32719326234721
80.97715147590905
79.08162289541823
76.32234664111898
71.43219419352022
66.69946721890034
61.77224465700569
55.90927294248086
52.322085800776975
49.09572085197054
47.82220900118939
50.46846457630192
56.36000348055188
64.46514733203081
68.60179714820892
70.87986430805316
72.69651720316543
71.77805942725324
70.84584220786556
69.74600772535733
68.5467518175333
67.29403882860316
67.92286576296007
73.23564517879038
80.2295767764276
80.87907369299818
78.98642892292787
76.23111826040846
71.34765229084334
66.62130745411285
61.70062351709675
55.84528160249818
52.2627528196095
49.040537538806916
47.7687080615042
50.41176695922662
56.296026372912024
64.39101604431599
68.52248549938989
70.79772632638202
72.612132837016
71.6949255172407
70.7639661428814
69.66559378168489
68.46791701103811
67.21684176021658
67.84491288677133
73.150966468188
80.13596358126364
80.78466080542412
78.89448553240472
76.14273970961607
71.26553346722226
66.54520369227815
61.63073309127737
55.78271415617219
52.20463197889465
48.98638931106714
47.71612557232161
50.35595394880706
56.232952545453465
64.31783101214992
68.44409592280925
70.71646114079792
72.5285693692676
71.61253500231992
70.68276380487534
69.58578954537623
68.389633713677
67.14014366499853
67.76742536946905
73.06675359323904
80.04282564445293
80.69069324441661
78.80294645812702
76.05472433049043
71.18373092758279
66.46937513542187
61.56108041468786
