price
69.50573730681617
67.80805687646054
65.92699822675748
64.29086407039757
63.964522739511274
66.33015342884744
71.15391705170511
72.69250413089995
74.64755712143288
77.95844057879931
77.99655034373477
77.75868943273537
78.7470845371956
78.73514924326481
76.4642416319826
76.18111057016463
80.00138868370117
85.69760145948393
86.80143203130521
86.36925685265871
85.12511964110057
80.96582023006253
77.3664566487689
74.5050856932977
70.8938186219486
68.23854997023341
65.84222253313675
64.55578844667458
65.81681724616361
69.48686971460626
75.43228377143818
78.01499149494686
79.68030428434717
82.4287702037475
81.79438518624364
80.284359928457
80.26181069959513
79.9663691124214
78.29045140120031
78.2183881864425
81.81640895320443
87.20195050221649
88.0315923012128
87.63478993128874
86.21553237044189
82.41560921909762
78.7764284702097
75.19238301787566
71.36667544466806
68.53677326019788
66.13551459348116
65.11755244126672
66.40806380780492
69.85946128707226
75.31700618005468
77.60533283827824
79.40264858127958
82.2222784086558
81.92998243142861
81.29275785894733
81.87055278270651
82.01466213985994
80.51338573325187
80.59134350547137
84.35723595278633
89.77820212482604
90.90375504731455
90.71488364716441
89.81100875328437
86.35110555185497
82.95275383257786
79.66969075072105
75.99815361303551
73.32512861510934
70.92888335740899
69.67521749623576
70.66695553897009
73.98220933338818
79.44639258178334
81.55785814925298
83.35779478071507
85.82403622014631
85.28579269499524
84.56072004693988
85.30272007653969
85.63562533298966
84.22370175336519
84.14188485059492
87.4312376034309
92.52250898405849
93.51773150113682
93.22921753353752
92.16800794218946
88.68172776758541
85.51743934505163
82.54388086216547
78.91104784707828
76.32402016910753
74.09042510021473
73.06499652466987
74.14799921238469
77.54727079865576
82.98062780171806
85.36153419058428
86.80997092869808
89.3469908784059
89.1040327625746
88.36038764893267
88.99286910310529
89.16913701377855
88.17568388629454
88.71851110797256
92.22052991768687
97.10185808656348
97.81623748106304
97.22726907657287
95.99329579072719
92.25934164531874
89.05886033746303
85.773749869721
82.10169439535245
79.46665847663093
77.20007872968873
76.12530275673112
77.22408245402261
80.56145737057466
85.68968804197995
87.56324069972004
89.39733843603827
92.15176466832867
92.04121442025054
91.4840729017113
91.99785317576787
92.15814296544609
91.25864178631745
91.61194478378447
95.00765576222561
99.90897257143472
100.84066884643758
100.52159415407836
99.3452723268966
96.1484796659081
93.25994602516326
90.17501130026636
86.8388109078287
84.45713947745287
82.19627361093892
80.99712670413676
81.95770916016798
85.1691602742629
89.96775782827942
91.58149578549096
92.97897552554298
94.86877504972888
93.79659575755502
92.82573653291776
93.06766634677678
93.06333084714265
91.66606689665444
91.6610096023437
94.48084105248022
98.4077573816209
98.59877449821887
98.06139987903185
97.39680200646578
94.5560347127112
92.09472920130979
89.7099822509845
