price
68.92065439550662
66.24805910989069
64.18767683990932
62.784468256322214
63.75240055978556
66.37724329220237
69.3392023700482
71.10743962126189
73.70548325273889
77.59948082304336
77.31687984248764
76.85691534072812
79.2856751746476
80.00131735181452
77.76759463852497
77.70622058202576
82.27447419264452
88.09673485170457
89.73717415359066
90.40831657387761
89.6313495342415
85.3463552236971
82.5718664993233
80.82981840573987
78.43323484482976
75.87032719125261
73.77807857934422
71.86278019857154
72.90610377117872
75.53631622839634
78.16591496520552
79.25684912003916
82.00145157301358
84.43223425559238
84.09626030635407
84.066105677852
86.06884270362077
86.73590038147069
84.5364836333562
84.79384520215746
89.3819913954546
94.39366294011782
96.06342599538048
96.92263906018243
96.80789518813455
92.69936446064149
89.66688420352726
90.22295037037831
88.60963298641488
86.5320515071175
84.85837400544563
83.47826187896726
84.30134828276113
86.42096943157519
88.62599567505761
89.7092383094609
91.80645406094789
94.14867989120236
93.90770402932202
93.74894010553095
95.41480055654348
95.93722461387925
94.24866268519641
94.3456226889703
97.82152759529204
101.79835743111293
103.01637372194477
103.58896433104346
103.3078294439902
100.22589917901189
98.0395127013647
97.7439285810779
96.27720137992623
94.53759413668405
93.11429591330757
91.86860800125802
92.5801640733287
94.38035682499459
96.19924455539356
97.0223463263941
98.80398333897733
100.57739376024207
100.36912205711678
100.29094125027429
101.62826591606063
102.05761185547566
100.65288827040511
100.77424264791014
103.67030037568792
106.85989275304998
107.86577059582768
108.35834363398592
108.20574462022053
105.68996611233975
103.8495612430981
103.88880254979092
102.77190734747852
101.38923331116922
100.25848925433239
99.28941468946016
99.85423160062625
101.28707505512038
102.74306533754458
103.42386922824193
104.8159410366563
106.26659742774488
106.10678428271063
106.02674294309418
107.08567939868307
107.42086507050307
106.3281902559997
106.40852261455255
108.65251848766134
111.13817437526528
111.90576153957635
112.27393315521778
112.1307637702381
110.19750491949009
108.79142905244102
108.72297412883943
107.82398530914911
106.72764057846439
105.82633906898671
105.04292553978952
105.49563938318771
106.63799126902146
107.78907727131448
108.31713122407727
109.42097501528582
110.54122115046863
110.41442437950394
110.35834304771603
111.18515276534974
111.44788823169698
110.58870852250355
110.65714337490884
112.42032625746872
114.35107884123993
114.94955691034613
115.23880509770186
115.13711624694717
113.63282905117173
112.5289779889106
112.51127159513287
111.81929378796687
110.96647762414099
110.26444410661219
109.65623315688049
110.00929482358345
110.89968199305353
111.79647581450378
112.21021128640756
113.06375585016347
113.93702268536926
113.8395801851455
113.79386494010664
114.43326944299284
114.63569000784064
113.97398854688788
114.02490790892192
115.38077766279297
116.86357864969426
117.32037865984425
117.54005149401553
117.45911875466159
116.30877496299637
115.46422486364742
115.43802069045
