price
65.68591133126912
61.68277592438684
57.90421943441175
56.47893305936316
59.696419202675536
66.64100255042565
76.47317640458195
81.28866233150067
83.880130441533
86.26981411474256
85.02887954364608
83.53014484428186
82.23362487749439
80.99583680706638
79.39587343849368
79.94941124710168
85.75910169939755
93.9985641990338
95.39683463678759
93.58094188579133
90.86572123770928
85.44646844904516
79.82661909752856
73.73481700001138
66.94342479532409
62.746924258366924
58.906563512702796
57.46369643606217
60.74031415487132
67.8000716396105
77.76221832819577
82.63050202536579
85.24261115459743
87.63796053763835
86.35794800542446
84.81394091588588
83.46928380994571
82.19578958552478
80.55751908581101
81.1080597990747
86.99558499707081
95.35962589318095
96.8264809139553
95.01451393930952
92.2806538970287
86.80918386310948
81.11779459823985
74.9467462734721
68.06680284181253
63.8130427379068
59.918209619498825
58.45807852687134
61.79446568564412
68.9704185995069
79.06314756778761
83.98427427768864
86.61686982890905
89.01744354806836
87.69774813996207
86.10779305911274
84.71423187786742
83.40452975141432
81.72747534332912
82.27484762198624
88.24066197400754
96.73021118801599
98.26678571061167
96.45920846768556
93.70689151423457
88.18326111176908
82.42000746713238
76.16933132286482
69.20042056764733
64.88908802420956
60.93944864715268
59.46200994670966
62.85878451329786
70.15194192622704
80.37584250448185
85.34984693356967
88.00276818448722
90.40811866689405
89.0481365192197
87.41155945905632
85.96832863828674
84.62191862075845
82.90560607156918
83.44963745873547
89.4941850903615
98.11015795596315
99.71758471320312
97.914864940916
95.14427896924633
89.56855590602167
83.73312406246399
77.40245016848964
70.34416931628594
65.9749596091509
61.970187439497366
60.47540064150189
63.933175573688125
71.34453434336645
81.70017532021673
86.72708152544863
89.40016163997801
91.80983524695739
90.40896381545379
88.72509270394588
87.23142838928486
85.84781247854244
84.0917703243631
84.63228730530791
90.75600176638527
99.49929849494431
101.17870753344103
99.38131659161061
96.59265487566209
90.9649177638919
85.05700478462893
78.64597514099303
71.49793503840147
67.0705517978977
63.010327861834064
61.49815562296663
65.01753855293487
72.54808277569892
83.03601196134383
88.11583324033546
90.80889928295404
93.22243644809716
91.78007477959805
90.04823976708957
88.50338015602577
87.08206256712246
85.2858223392514
85.8226504024409
92.02595437438126
100.8974595191784
102.64997769338527
100.85839039632683
98.05185155942785
92.3721899854481
86.39150404982287
79.89977285365372
72.66159826237585
68.17575367863604
64.05976677027904
62.5301749371479
66.11176785363624
73.76246831306243
84.38321210584395
89.5159508903844
92.22882384349667
94.64575921539705
93.1613082227498
91.38084199177696
89.78402767958333
88.32451507732414
86.48761153046041
87.02057522984393
93.3038802333735
102.30446215299123
104.13121261378173
102.34590706022578
99.5216950408292
93.79020963107925
87.7364702668314
81.1637041776366
