price
70.89227433468385
70.37997656377917
70.40580087961968
70.84196907490455
70.36951471057728
71.35602312603103
74.6070962773441
75.33181222352601
75.29561752683604
78.32415946947305
78.59493545400946
78.36110945410205
79.41282760710648
79.82153959940727
78.88053723897274
78.2826142112681
79.79308724634964
83.28602060324735
83.33742291670428
82.44650492377941
80.85812343787248
78.76127270075784
77.05217141326835
72.91590017754068
69.85462243337672
67.76039993481562
66.03356192198589
65.0793863267614
66.06380043217786
68.60841343627236
72.28084673235435
73.90390939021162
75.1686410133739
77.24216458296868
76.75499745121603
75.67608875467045
75.96693374196113
75.9058108541195
74.57228427580317
74.4743475327745
77.11464534172836
80.83792908688315
81.52474453818589
81.54133628866131
80.67815670725317
78.08854122985883
75.76021681846782
73.68820682045259
71.63866285166489
70.01490783867219
68.84373092212687
68.45298557181513
69.07829378283714
70.87639651063091
73.69800307255268
74.82047217090376
75.763075878255
77.76320135204439
77.69835236302423
77.37649705533597
78.04699148894038
78.32106222369873
77.37867198028486
77.32025303429226
79.52954417842093
82.69211595521044
83.3380627950149
83.36790000050881
82.85340013335224
80.97912354554123
79.22021996203043
77.24106964455514
75.36885485078444
73.95336565246166
72.82050098586824
72.22548569808185
72.6063123904864
74.17392275446768
76.73044422676531
77.64867043836223
78.57022560542842
80.09142160133058
79.83821694405417
79.46884798315018
80.15499296580343
80.50698484064078
79.68962774978478
79.54944929063423
81.2840304846822
83.94650112192897
84.48566939008349
84.49014024664602
83.97016332504782
82.2339104908321
80.76925599311723
79.29811173463375
77.6599284619786
76.45646730994285
75.56140942740772
75.2033713637107
75.59731997290417
77.05429106719302
79.33638347167835
80.35193610663661
80.92803930906071
82.3284619807096
82.30001345936408
81.94747678110001
82.47805257437946
82.6860122175415
82.25441158248437
82.56473866930389
84.24736801601301
86.47233713725637
86.76360488583595
86.56785455433771
85.99139528065886
84.27441635351589
82.93869065218568
81.38864398283519
79.8522277045641
78.7150295681524
77.86334782688668
77.49556121910541
77.8711102938926
79.16530589632228
81.0489074704556
81.64668078578053
82.44286126264952
83.85566013055895
83.92255765319453
83.71731961156156
84.09883967752022
84.26463120047542
83.95710346362867
84.14406095359409
85.62569472723013
87.66855993821284
88.07169356878775
88.0630931787261
87.57859758455045
86.36576821368435
85.36529144520046
84.10565298836501
82.94603454735301
82.10303926055047
81.33946924611432
80.91693022518714
81.14980752532178
82.224519498289
83.69228651854652
84.05027286160738
84.48969664226502
85.19630716223298
84.6109181508959
84.13304322329583
84.27677806962897
84.3050280483061
83.69192289455668
83.64148295959026
84.66728857708101
85.97463330914184
85.87633003792212
85.7145259935611
85.58562985582438
84.65174487102512
83.9671280513838
83.24187611314959
