price
66.92076649875683
62.82739029939418
57.85999698961597
54.7380841582468
55.83483998686293
60.48882310870828
67.19796311390421
70.17245922839585
71.47390126076404
72.5885496230428
71.32466490875424
70.06901610158675
68.5696882007641
67.24471464668997
66.15840649084355
66.70636720213503
71.26786314547223
77.39157714382647
77.83817613647192
76.08883423619474
73.50737250855781
69.19566934252707
65.06100960683798
60.50298480801544
54.99822869982948
51.70844062783839
48.72457650535361
47.484286036939196
49.90324908129331
55.48327658872422
62.92140022057001
66.78683172137713
68.95212065933684
70.69315269133428
69.92805643499109
69.03494959184485
67.83229722492892
66.6903619117131
65.65419278219031
66.24698649491576
70.84183518533803
76.94857062706396
77.43811490635086
75.75982933927668
73.24725266097865
68.93050655315963
64.80887300055103
60.404025604428384
54.96273833817421
51.68370821041187
48.69279972277278
47.43422572934821
49.81802969563777
55.34499364745279
62.71590903373036
66.53706991683013
68.6727305729505
70.39027853112746
69.62368284813996
68.73249043923356
67.53587347448132
66.40068004141017
65.37120908344255
65.9587089287417
70.51721270863251
76.57442252881727
77.05984014825658
75.39528622759916
72.9030856573563
68.62067111365329
64.53097698639604
60.15928582202904
54.75744986970268
51.50133761007563
48.5307239039747
47.28051183732738
49.64840896587051
55.13704570560589
62.45400175715851
66.24602868387137
68.36508471328705
70.06911742980589
69.30857259743725
68.42437867463029
67.2370976459346
66.11069544837389
65.08914095993119
65.67212957507672
70.19504822084018
76.2034615477573
76.6848977127389
75.03395363861219
72.56189994224609
68.31343473279071
64.25532986454787
59.91644742211755
54.55367622662431
51.32026195074656
48.36975695576404
47.1278282732469
49.479945511033264
54.93058308900687
62.19406947296527
65.9572365472303
68.05984682629659
69.750495397848
68.9959414741034
68.1186774294514
66.94064166262028
65.82294600810253
64.8092322817729
65.38775277195643
69.87543154998198
75.83553615401948
76.31303137035539
74.67555923373916
72.22345040904645
68.00860032982894
63.98178133010226
59.67540106272134
54.35134243957041
51.14042875265782
48.20986260008272
46.97614881544339
49.312617395975316
54.72558409077284
61.93608781651039
65.6706683366055
67.75699153093079
69.43438656253862
68.68576492685338
67.81536327556942
66.64648329012203
65.53741050355902
64.53146268888162
65.10555764897893
69.5583378328168
75.4706156938877
75.94420994756933
74.3200734604853
71.88770987655518
67.70614460125815
63.71031152419507
59.43613028198987
54.15043582640479
50.961827382261085
48.05103192001093
46.82546522502674
49.14641507288887
54.52203577139707
61.680038563837535
65.38630275436412
67.45649571426264
69.12076630098002
68.37801901226652
67.51441304834512
66.35460039056083
65.25406775078724
64.2558118453489
64.82552338829024
69.24374233327875
75.10866974344485
75.57840254126478
73.96746704464483
71.55465143324517
67.40604447944524
63.44090079105174
59.19861878599154
