price
69.0260961529274
65.19207406642259
60.3163237530327
56.50187566060206
55.51695571748914
57.081934637747445
61.08306989616624
62.857898625020844
64.48925370676386
67.06710162119079
67.13857035995369
66.6617733802209
66.87419981578746
66.97424634416963
66.0347054426764
66.26549863892757
69.26911841004893
73.66333063061184
74.6538866915633
74.27575887449028
73.04235345865351
69.88404280299612
67.05319781796695
64.07117581484175
60.65901259990877
58.08478836977056
55.87578606086827
54.71985217951953
55.71140451214777
58.48298451706868
62.8367434748873
64.54108579574682
65.72399669465958
67.55881117250902
67.11760150443034
66.29218300799928
66.2120302563981
66.17267532637729
65.29303212026477
65.53260247549093
68.33125542906153
72.4118292018601
73.48498911262699
73.22007169640099
72.15316442895751
69.36470033764165
66.78858287413809
64.05856088786537
60.951647061597946
58.59990089070277
56.555982271352974
55.5022487565325
56.48069191273512
59.11765696637229
63.11571479303454
64.65722659392269
65.70131038509234
67.2832319471609
66.81219844678598
65.9883417499582
65.82183669736159
65.71186186126359
64.85422408456064
65.03412211098018
67.57645733103409
71.31163838706972
72.40187122130826
72.214463149797
71.29301800308613
68.84002001781096
66.50739482808982
64.01819925879394
61.195681574287946
59.05074693256154
57.161066878192784
56.199925004676984
57.15790017259039
59.65923465376292
63.32712907415688
64.72030117179465
65.6410455943501
67.00272073004832
66.51194473166427
65.6969669980534
65.46211726825504
65.29606578971188
64.46370506285898
64.59371754538002
66.90705083193428
70.33143202609598
71.424670398921
71.30072670902828
70.50424119077181
68.34374565033511
66.22930778887036
63.95813138305511
61.393010611406275
59.43676959993203
57.69056150940589
56.81436410167882
57.747643487973704
60.11556901527931
63.47921387194437
64.73831970286456
65.54991124870632
66.71989856999019
66.21737363199958
65.41672728610291
65.12838155226682
64.9182636469097
64.11352826324463
64.20194763464468
66.31010732382053
69.45395402934449
70.53915329813758
70.46701656770041
69.77805758750742
67.87296588113742
65.95427253303902
63.88057616335644
61.54835817618601
59.76408234262901
58.15105826834833
57.35260061905088
58.25782480729666
60.49543462667475
63.57924333762582
64.7173046685636
65.43239814745915
66.43574514953598
65.92806808823163
65.14605373900598
64.81671049733676
64.57261016763586
63.7971719272304
63.851033101915526
65.7748598773988
68.66473319985724
69.7332326977295
69.70317101554959
69.10685498133975
67.42506684253952
65.6821949166703
63.78748952578337
61.66599661546195
60.03830553319596
58.54870853897556
57.821254035138665
58.695834696073234
60.80689815702391
63.63372039279544
64.66257521894047
65.29243106095856
66.15107445300748
65.64364857062593
64.8835952646933
64.52374818837622
64.25411784593184
63.50908983067082
63.53436621693899
65.2921670331789
67.95149606433925
68.99657678505613
69.00045845434585
68.48404920666451
66.99773937686676
65.41297927506346
63.680615016128954
