,price
0,66.66133086556417
1,62.3988847791324
2,58.37828604463643
3,56.139564091123454
4,57.336487818416856
5,61.61244034471029
6,68.39454303371235
7,70.7171654619522
8,71.39725046545212
9,72.64268436425812
10,70.95654437705431
11,69.055657060618
12,67.74315376729948
13,66.80380270524623
14,65.29318951835043
15,65.43270771416479
16,69.50142765486261
17,76.18440631414785
18,77.6619961078587
19,76.82088454548891
20,75.00643664081863
21,70.52808905666075
22,66.2027098718853
23,61.78179663452315
24,56.46229198977684
25,52.85841040831038
26,50.05001422880245
27,49.061138918657484
28,51.38985037313348
29,56.626038169288215
30,64.05646088849751
31,66.9695874694112
32,68.15541725124596
33,69.74712595617588
34,68.40956248865837
35,66.79694953282518
36,65.68571264154077
37,64.92824421644862
38,63.592861795888126
39,63.87092903538507
40,68.01870220912588
41,74.75091175475298
42,76.43776029617497
43,75.75765610183582
44,74.08093648419874
45,69.80615478220533
46,65.61144694068679
47,61.3104076984519
48,56.137709405204404
49,52.63844502455104
50,49.89794099381928
51,48.95943758052391
52,51.329238360092404
53,56.58201409977728
54,63.86736454361312
55,66.701224883786
56,67.83023804835055
57,69.30031957888592
58,67.9169129367213
59,66.26243774283132
60,65.07788727739194
61,64.27157476169828
62,62.91716040234526
63,63.17112948301198
64,67.26264123999755
65,73.93080663647358
66,75.72446485845937
67,75.12078126895456
68,73.51105779351472
69,69.37681483983854
70,65.26215187531525
71,61.03824088041832
72,55.97456967809497
73,52.549004781968904
74,49.851448705709444
75,48.94242281978009
76,51.33510188544956
77,56.589323305312014
78,63.724279110777196
79,66.47306302089896
80,67.54020749430488
81,68.88805644940702
82,67.45609033252352
83,65.75777242266616
84,64.50013944299712
85,63.64449341068296
86,62.26969123183152
87,62.49850309199408
88,66.53375580061315
89,73.13795145892814
90,75.03126267955547
91,74.49917580533818
92,72.95252312331517
93,68.95192392502761
94,64.91359786546828
95,60.76338556270031
96,55.80398486643058
97,52.44883066580959
98,49.79237800499285
99,48.911286364058
100,51.32487857857154
101,56.57901046095822
102,63.56931067950497
103,66.23653226022739
104,67.24457361371002
105,68.47596623169962
106,66.99816893796906
107,65.25857434107895
108,63.931811272180454
109,63.02949126959032
110,61.63562603692364
111,61.840465136914204
112,65.82130387613384
113,72.36314816741822
114,74.35057796944842
115,73.88656631809657
116,72.40014343746606
117,68.52736465056269
118,64.56246897095644
119,60.48321118574733
120,55.6239837476671
121,52.33647257787038
122,49.71967348278525
123,48.865304899084684
124,51.298158003662586
125,56.55092585514784
126,63.40220671550094
127,65.99134992507462
128,66.94303527667927
129,68.06357311632186
130,66.54262110400052
131,64.76425889246777
132,63.37218739028756
133,62.42577372677175
134,61.01414477229934
135,61.19617241470909
136,65.12438792864583
137,71.60545407766007
138,73.68174417392618
139,73.28246364983369
140,71.8535718823769
141,68.10306524852952
142,64.20883202825902
143,60.19791409642624
144,55.434952492443465
145,52.21244594315066
146,49.633918912794535
147,48.80512085664227
148,51.25566482061933
149,56.50586170916442
150,63.22350947890258
151,65.73790234259401
152,66.63585468501212
153,67.65088338351136
154,66.08932891559982
155,64.27459121780332
156,62.82085571581211
157,61.83280916558395
158,60.404654764491816
159,60.56497933059987
160,64.44228467045636
161,70.86408115325222
162,73.02421863925211
163,72.68647926455583
164,71.31254302035003
165,67.67901217076474
166,63.85279686429384
167,59.90772026695212
