,price
0,65.84615666159844
1,61.94275464557742
2,58.20207293258794
3,56.79939409949499
4,60.02956036274488
5,66.96859680243135
6,76.69264708937548
7,81.3971475266151
8,83.90434494217736
9,86.18649022194707
10,84.86245629659864
11,83.25730128437148
12,81.88096988184061
13,80.60349894909942
14,78.94456970163868
15,79.43763779804507
16,85.14469489092936
17,93.33297011530041
18,94.95688086974229
19,93.29605754838379
20,90.71220045645522
21,85.46919619016545
22,79.9269280556179
23,73.90110081939345
24,67.23627541267955
25,63.10219055741258
26,59.29010998354275
27,57.869913680050594
28,61.1647961285282
29,68.22616163146293
30,78.07631563185083
31,82.82696194663563
32,85.3481493834028
33,87.62448407205625
34,86.25226291792146
35,84.59147530448357
36,83.15519531232141
37,81.83491719762061
38,80.13118440515245
39,80.61683028003496
40,86.39987500390338
41,94.7162208973111
42,96.42951218073017
43,94.78521685021828
44,92.1914233632332
45,86.90708174984772
46,81.29660729152415
47,75.19421802259251
48,68.44466699620769
49,64.25459495266593
50,60.38791584129295
51,58.951843108950754
52,62.31235698450561
53,69.49725100566286
54,79.47407284399006
55,84.27081853532904
56,86.80574817837909
57,89.07567209407061
58,87.65452231703672
59,85.93728084260675
60,84.44013377058415
61,83.07645800790388
62,81.32736498606879
63,81.80538356380224
64,87.66491850702634
65,96.11038240217198
66,97.91440254807571
67,96.28722313517464
68,93.68375808738143
69,88.35824047582115
70,82.6792448747218
71,76.4999174305243
72,69.66524977722774
73,65.41888112919672
74,61.49725533071994
75,60.04528679076882
76,63.4721756133089
77,70.78176777653348
78,80.88580121720739
79,85.72859070909197
80,88.27701005834224
81,90.53991913542528
82,89.06910169618756
83,87.2945881904221
84,85.7356587595949
85,84.32799764135346
86,82.53299103477042
87,83.00317695776896
88,88.93969581612328
89,97.51531136575254
90,99.41140308843394
91,97.80192868151535
92,95.18906026039015
93,89.82253598601626
94,84.07471350706007
95,77.81808190113911
96,70.89791826715442
97,66.59495092494541
98,62.61803708096311
99,61.150156054491546
100,64.64415797620221
101,72.07960559648916
102,82.31137575103858
103,87.2001445968723
104,89.76179656746591
105,92.0170830916159
106,90.495861651188
107,88.6632614173955
108,87.04163798350764
109,85.58940683721602
110,83.74793688676466
111,84.21008459643743
112,90.22407186570346
113,98.9308584567914
114,100.9203582256657
115,99.32917883387242
116,96.70717849592282
117,91.29982487994283
118,85.48287908809942
119,79.14858773994723
120,72.14256068933672
121,67.78270008220635
122,63.75016383086062
123,62.26635636325781
124,65.82820378417107
125,73.39065123860935
126,83.75066418265396
127,88.68533902136099
128,91.25996201888378
129,93.50701486341386
130,91.93465613176906
131,90.04315833474529
132,88.35793331567528
133,86.86055078303917
134,84.97207159529793
135,85.42597541407658
136,91.51790608180227
137,100.35686824715236
138,102.44110565569697
139,100.86881196504805
140,98.2379543496696
141,92.78995669606745
142,86.90360067218086
143,80.49130465678947
144,73.39905893513112
145,68.982018203567
146,64.89353238507694
147,63.39378726985513
148,67.02420645056273
149,74.71478454591967
150,85.2035269381479
151,90.18402545286976
152,92.7713534510718
153,95.0095583172868
154,93.38533240526853
155,91.43413046258681
156,89.68440076962266
157,88.14128908795017
158,86.20525890665499
159,86.65071312105397
160,92.82105235763282
161,101.79317918520148
162,103.97347631482738
163,102.42065944139175
164,99.78122228282288
165,94.29277387281468
166,88.336730429006
167,81.84609572598887
